-55.961139
-53.349181
-43.078563
-40.762760
-39.648322
-42.343825
-49.331210
-46.008406
-40.971629
-44.204638
-40.787102
-41.595895
-39.985670
-49.577577
-44.488799
-40.774782
-44.569640
-51.455455
-38.544529
-47.462930
-43.929982
-41.023438
-43.137868
-42.873424
-38.824032
-42.333808
-41.258905
-41.568600
-47.828198
-49.774251
-51.560256
-49.050462
-46.978323
-51.288039
-44.071074
-43.068903
-42.549915
-40.320168
-39.425971
-55.167573
-49.826781
-47.293091
-38.970556
-51.788965
-49.436465
-43.439933
-55.819986
-50.239038
-36.368188
-48.816618
-42.653138
-48.161292
-40.764411
-39.453347
-45.522116
-40.939003
-58.491629
-54.612295
-43.570472
-48.106550
-47.383822
-38.397641
-48.918215
-48.301671
-34.345252
-51.446870
-39.915512
-47.958617
-37.920346
-37.219709
-40.867152
-41.518866
-46.541564
-42.701976
-51.595722
-47.549906
-39.458790
-46.158710
-44.426699
-36.670793
-39.265533
-59.060241
-51.177944
-39.997574
-36.618265
-46.783624
-41.870709
-47.116348
-48.876221
-48.216538
-44.305786
-39.321188
-44.927243
-45.063935
-43.625699
-40.847838
-51.567819
-57.263125
-49.251322
-62.469027
-42.034285
-42.036439
-63.916506
-49.282467
-43.229909
-46.246490
-52.247694
-42.560424
-43.342184
-54.247797
-48.937757
-38.769433
-43.544953
-46.999252
-44.580358
-43.190429
-49.006886
-46.838459
-37.416298
-37.939966
-50.943702
-40.871174
-44.294220
-49.065536
-49.122304
-51.979659
-42.977948
-46.493357
-43.414403
-40.086489
-57.318948
-48.907371
-51.373341
-47.437838
-52.185880
-42.758707
-46.123099
-47.928735
-40.128214
-38.622418
-38.671976
-61.456434
-42.836359
-39.424657
-37.435011
-42.649588
-50.933178
-41.700669
-43.496889
-56.535321
-40.498663
-39.731137
-42.100991
-37.162437
-49.437793
-42.063514
-49.992816
-46.328207
-43.196531
-41.814475
-42.591890
-38.362464
-40.266193
-49.337655
-41.487626
-44.852803
-40.729021
-46.608904
-52.556447
-49.668053
-43.751966
-44.054602
-39.717375
-42.353788
-56.241508
-46.368328
-58.328078
-45.400882
-42.055143
-38.794108
-45.474893
-44.547674
-40.743985
-42.571987
-47.241992
-44.684247
-39.657774
-51.555201
-44.038415
-41.472078
-43.840332
-41.996837
-45.646804
-41.678781
-42.859368
-33.841423
-37.827209
-46.855713
-42.190279
-52.086130
-43.820662
-52.014592
-47.314913
-36.940795
-50.363344
-44.024095
-52.490110
-41.411149
-39.306827
-43.482571
-44.002040
-47.655316
-51.603433
-59.795309
-50.051999
-39.969264
-59.837675
-38.888699
-40.709413
-60.267748
-44.904165
-38.856777
-46.804933
-51.378714
-49.136159
-41.446269
-40.234877
-40.539879
-38.679248
-67.811713
-46.732886
-43.777166
-48.442801
-42.448822
-38.568121
-46.162052
-38.902243
-44.011847
-39.815071
-43.379434
-38.856435
-39.987931
-53.662917
-56.658886
-44.358605
-46.274721
-45.592708
-44.222101
-49.755291
-45.850883
-40.196302
-38.139452
-40.144245
-49.253506
-44.047326
-40.878271
-44.640728
-47.805304
-74.910341
-44.259156
-44.450063
-49.750644
-36.105548
-40.304668
-53.145009
-42.676935
-51.139709
-46.315374
-41.284498
-55.693509
-40.706393
-34.933184
-37.935828
-42.110242
-41.677301
-44.766849
-38.493694
-47.819522
-42.277598
-45.520213
-38.075802
-37.436392
-42.599434
-43.624657
-50.163925
-45.324985
-45.317843
-40.881812
-48.865155
-41.903240
-44.753832
-49.929837
-43.164836
-42.098668
-54.646367
-55.716557
-40.087921
-40.683723
-41.605546
-42.799301
-43.971773
-40.191445
-46.518801
-39.093917
-44.186494
-51.742518
-50.607054
-44.555225
-44.665370
-51.166374
-41.961300
-48.964392
-44.751807
-42.144176
-52.237653
-43.703070
-46.486348
-49.390096
-49.660039
-43.430117
-56.814769
-45.391253
-37.388032
-56.707561
-49.704300
-39.213242
-42.785424
-42.469434
-51.564631
-42.484862
-37.718707
-43.256356
-38.455684
-48.141713
-37.199114
-33.533850
-35.807167
-37.191785
-30.032411
-24.803734
0.000000
-22.868721
-28.587418
-34.410868
-33.408899
-41.077506
-37.251944
-39.884298
-40.657481
-36.769129
-55.375272
-41.795934
-41.398514
-40.510433
-36.765974
-40.096611
-39.787824
-44.175742
-48.097723
-50.899332
-43.394669
-46.593784
-42.502211
-37.007443
-39.081290
-42.058210
-40.156538
-42.938044
-45.401862
-45.129113
-39.470452
-40.033352
-53.993552
-43.671550
-38.270916
-39.863879
-43.910517
-35.984995
-52.480618
-61.512912
-44.269537
-40.474633
-50.112369
-46.636830
-48.934958
-50.544146
-43.527575
-47.422292
-42.682919
-46.882871
-43.181982
-39.775288
-48.469538
-43.882271
-43.323500
-44.402065
-40.172141
-44.170455
-38.199427
-44.479291
-44.431450
-50.619335
-45.031074
-45.999736
-54.141592
-41.596473
-39.001814
-47.410912
-41.458935
-43.256170
-42.305247
-39.824847
-41.585485
-39.949360
-50.209486
-45.778592
-53.172110
-45.936554
-52.267149
-45.750773
-49.204802
-46.976039
-47.131337
-52.169183
-44.101917
-50.346590
-42.995556
-46.902354
-46.793754
-40.218876
-35.461080
-40.240564
-43.242726
-46.777730
-41.934498
-35.551933
-52.015380
-37.540897
-39.668578
-46.396663
-37.502781
-36.343581
-43.989370
-45.841635
-57.478119
-40.522082
-46.093479
-48.794645
-42.797228
-38.207600
-40.577153
-46.609298
-42.705163
-57.952855
-44.566366
-40.263443
-44.207819
-39.590974
-42.394841
-44.049457
-47.259915
-51.400751
-40.335943
-47.790921
-37.716177
-41.367175
-42.636438
-48.450163
-46.263852
-45.988722
-55.266660
-40.587545
-42.304372
-40.933953
-45.443810
-43.109054
-40.182149
-38.877507
-40.413844
-50.820226
-48.944380
-55.637685
-48.844996
-36.380012
-39.951738
-45.604649
-50.443008
-48.248412
-41.255654
-45.209443
-44.581142
-46.821390
-54.664758
-47.214851
-65.591355
-50.614691
-42.945245
-37.429411
-45.357040
-37.805353
-44.259919
-43.055834
-41.965353
-52.427654
-40.862462
-47.731648
-57.457407
-42.180159
-37.684641
-38.667629
-47.564174
-54.981720
-47.695608
-43.014764
-40.531299
-41.420963
-44.986956
-46.201460
-47.967403
-46.448593
-43.873531
-38.038853
-40.167299
-43.902072
-37.052706
-40.391448
-41.780255
-46.001680
-55.708051
-45.431314
-42.373685
-40.056389
-48.171951
-38.222711
-49.490953
-44.834483
-38.661794
-41.071150
-44.274874
-46.004240
-41.227891
-42.205044
-42.566000
-48.198617
-54.525847
-43.449980
-38.057738
-40.820182
-47.443161
-56.385469
-41.719480
-51.793652
-37.744048
-40.618793
-53.571582
-41.866649
-48.994990
-54.778405
-50.441269
-42.456028
-48.575367
-55.949372
-44.267094
-36.698941
-45.317685
-46.531014
-53.459562
-44.752061
-51.012291
-47.090824
-40.258607
-40.685597
-50.763948
-42.237322
-46.420627
-48.744330
-46.146847
-45.113978
-46.539301
-43.501461
-40.869075
-44.919012
-42.653455
-45.203583
-36.457731
-38.417960
-43.988271
-40.520738
-45.500554
-44.459466
-47.434394
-40.073332
-36.451862
-40.333557
-59.690075
-45.261068
-67.583245
-49.752792
-43.045476
-50.655247
-44.930023
-40.305966
-45.217431
-48.099417
-42.390179
-51.360207
-49.342078
-49.638067
-56.939259
-47.002193
-48.102038
-40.536880
-45.196689
-49.346097
-44.808654
-45.799208
-45.373098
-43.777549
-41.006466
-44.431135
-58.728734
-48.767157
-51.596771
-42.381799
-43.770379
-48.092315
-41.525691
-40.135765
-37.830924
-38.666800
-50.763449
-37.540814
-42.886583
-40.353894
-48.555603
-41.225258
-44.761362
-40.089813
-41.526305
-66.460988
-42.138265
-49.412386
-42.914290
-38.484227
-45.859284
-42.691792
-60.259098
-51.651083
-43.614448
-41.646778
-40.049796
-50.302779
-39.160642
-51.133977
-45.654212
-47.985527
-57.689907
-47.560358
-41.084822
-36.998057
-41.101539
-46.389220
-44.307475
-41.848610
-42.460664
-46.961976
-36.537851
-43.051714
-53.257387
-42.474919
-47.737944
-51.198024
-45.253451
-43.248882
-37.061236
-41.123920
-41.809821
-40.217781
-39.773220
-44.547535
-46.739533
-39.061014
-45.281034
-45.265758
-48.390544
-44.403621
-42.490351
-42.010044
-35.118256
-41.081445
-53.577002
-46.815494
-41.053133
-45.190848
-37.222113
-42.175578
-40.409987
-38.915384
-69.370091
-64.212234
-44.174918
-48.921620
-40.143991
-49.682711
-45.856440
-44.626174
-39.368172
-42.750420
-43.448014
-44.819084
-44.540432
-42.272380
-40.827364
-48.086108
-40.013360
-51.825569
-44.663208
-44.972421
-42.572112
-40.253068
-42.853838
-50.875559
-39.277266
-56.295730
-46.055908
-50.023370
-43.738940
-39.516654
-48.783381
-42.970424
-43.275949
-56.003504
-41.506455
-57.144940
-50.170869
-47.511519
-49.013058
-40.697809
-40.383521
-45.708604
-44.334990
-43.477948
-44.094601
-42.342632
-48.325758
-39.193123
-44.564219
-41.540485
-52.020570
-49.210867
-38.759671
-48.892992
-44.004965
-44.092646
-45.789301
-44.128837
-38.840466
-42.825107
-36.563357
-50.393378
-40.806522
-47.674086
-42.434665
-43.125599
-44.592846
-54.759910
-47.198402
-39.631789
-44.140858
-46.119535
-51.553044
-48.309886
-48.148287
-47.424034
-42.408078
-41.999993
-48.290406
-43.212555
-48.680286
-38.667515
-46.254632
-36.275871
-37.076396
-50.002658
-56.868496
-42.877077
-39.667920
-40.266163
-38.046526
-44.702994
-37.600186
-38.593003
-41.587052
-51.794826
-48.153768
-44.005246
-63.925999
-46.614384
-40.096838
-41.186779
-48.177426
-42.869433
-41.147923
-47.392589
-45.375997
-44.964967
-47.592993
-43.567813
-44.370236
-48.710637
-36.666939
-38.242685
-49.833383
-44.882372
-46.817508
-42.502873
-54.032297
-47.168630
-45.880069
-41.989523
-43.019085
-38.406080
-40.895805
-43.258732
-40.542262
-39.848248
-49.253049
-46.515040
-45.067204
-60.410265
-39.075538
-39.227157
-35.744821
-44.313571
-38.631400
-41.427199
-42.512189
-41.615485
-41.563549
-43.478875
-51.393301
-51.702051
-41.561629
-41.630819
-43.690691
-37.683121
-53.072381
-47.666019
-39.873706
-62.707849
-45.748260
-56.593235
-49.951384
-52.446914
-46.879816
-48.952202
-47.331106
-44.453618
-42.826772
-51.517762
-44.104914
-48.789007
-39.171662
-44.796408
-42.173111
-43.450809
-48.749728
-41.166079
-52.178194
-46.412044
-45.562604
-44.627711
-46.920228
-41.558572
-44.216208
-41.734351
-38.247058
-40.862446
-45.082806
-45.899684
-53.380262
-51.416236
-45.388396
-37.974127
-49.504484
-44.767570
-42.100094
-41.235543
-45.687347
-49.096296
-49.957520
-39.759153
-40.407897
-38.279263
-43.517723
-42.299838
-43.954649
-42.742760
-38.243224
-42.268143
-43.349385
-41.942570
-45.821209
-39.167215
-50.374819
-42.973410
-39.564506
-47.314265
-38.789758
-44.497226
-41.687674
-41.467869
-47.270550
-41.949798
-42.505186
-46.752664
-42.297381
-41.403374
-38.210191
-42.316849
-41.849727
-40.399385
-43.754428
-49.822020
-37.640350
-45.158315
-44.987866
-41.509037
-42.420191
-42.771182
-40.951049
-43.391157
-55.873056
-39.579529
-47.898396
-48.522266
-42.389391
-39.970658
-51.128818
-54.988726
-62.412504
-48.644765
-38.677285
-43.797241
-41.967024
-36.993545
-44.704734
-42.039754
-40.567833
-40.432465
-55.913452
-51.278409
-45.422239
-50.203585
-42.649666
-54.647684
-45.268009
-36.455949
-41.975650
-44.265917
-44.615138
-47.997701
-43.538712
-39.154154
-38.273534
-50.542656
-45.006313
-35.667109
-49.432126
-53.402025
-51.131439
-45.233626
-42.115012
-48.293384
-49.769687
-51.560688
-44.558512
-44.656618
-41.632976
-36.888935
-43.311841
-42.445464
-62.105384
-38.030310
-47.007253
-41.770018
-47.017254
-41.062089
-43.869374
-41.930870
-42.608699
-52.564368
-47.359161
-50.729915
-37.401663
-48.706429
-41.510300
-44.738233
-46.067979
-47.197362
-40.903599
-43.167581
-42.443880
-51.282306
-52.280304
-49.841408
-41.776347
-48.767438
-38.567815
-44.836868
-45.237676
-44.758532
-49.993049
-46.688404
-38.507083
-40.831094
-44.740867
-40.862158
-48.872295
-39.178402
-39.262509
-43.493278
-42.105458
-42.526025
-44.880195
-44.983033
-46.530797
-40.930028
-43.779161
-36.986937
-43.877140
-40.050959
-51.564644
-42.842736
-47.907418
-40.329517
-49.048213
-42.066857
-45.458536
-40.750812
-41.382406
-47.751320
-41.275981
-49.920364
-53.859332
-56.343551
-49.660181
-43.580470
-38.940919
-48.169017
-50.407714
-50.266465
-45.902246
-47.508698
-39.698097
-42.868352
-50.581733
-44.635066
-40.185309
-47.053298
-39.968694
-42.933772
-43.912891
-42.762007
-40.307375
-39.386169
-48.533048
-45.269298
-41.949480
-40.624621
-42.556616
-42.006996
-46.706413
-44.554691
-54.906318
-51.398338
-47.316222
-46.311992
-48.211732
-45.542833
-47.156787
-38.677391
-37.864677
-64.200245
-40.260391
-38.559968
-43.409250
-45.229869
-40.964237
-42.000502
-49.126574
-36.839136
-47.432823
-45.359586
-51.931597
-47.013280
-43.874361
-45.413353
-45.550740
-39.301550
-39.508836
-45.840707
-38.696148
-39.460816
-40.054599
-41.554214
-43.604856
-45.851107
-46.003383
-49.437801
-55.439123
-43.799971
-39.128981
-54.120683
-44.749982
-45.277080
-42.372237
-41.289690
-45.316187
-39.944159
-41.903893
-50.849116
-42.660450
-40.548578
-41.108398
-42.135288
-49.041745
-39.302089
-44.161015
-39.362650
-41.191467
-45.670832
-38.293931
-58.167486
-45.364982
-42.416682
-41.045063
-46.027244
-39.705892
-49.170065
-38.073337
-70.440582
-49.243106
-40.378439
-46.936998
-40.007372
-46.223164
-40.067408
-41.250027
-42.232473
-47.625116
-36.549645
-41.630113
-46.707380
-41.866087
-41.925466
-37.049192
-47.845852
-42.838654
-47.121404
-42.579585
-53.260830
-38.763773
-40.448738
-43.137270
-39.969907
-45.276223
-45.522832
-42.995029
-42.830231
-48.613926
-39.687626
-37.152259
-47.723179
-44.990779
-47.088093
-48.685396
-43.974742
-42.709252
-48.433772
-46.609880
-41.532609
-56.191849
-43.994982
-42.190192
-48.328525
-40.148462
-42.630441
-45.110503
-45.286459
-46.594574
-41.161538
-53.799486
-61.766710
-51.907784
-45.648281
-47.255453
-56.915459
-48.252562
-49.384716
-47.135785
-38.777780
-44.825114
-38.511232
-52.125209
-44.131130
-45.189688
-40.845786
-46.752110
-49.375521
-40.350756
-42.426721
-37.965623
-41.147118
-37.210714
-57.007345
-35.019531
-50.059787
-38.142271
-47.964497
-47.649656
-67.787873
-43.649490
-41.664639
-44.034296
-57.207902
-57.979484
-36.842317
-39.549919
-40.387137
-45.662195
-50.394467
-47.045246
-48.661041
-40.459376
-43.851344
-50.673281
-44.295575
-35.668807
-42.375128
-48.423356
-46.144467
-41.995246
-43.429701
-50.847382
-43.917802
-41.471030
-44.492768
-50.102704
-41.817337
-40.203409
-52.276119
-51.037493
-48.515123
-49.459483
-41.197286
-39.234291
-40.672876
-43.358260
-54.014681
-43.477745
-44.188252
-41.435880
-42.446457
-43.099869
-44.754237
-43.917971
-34.108306
-53.127498
-45.356844
-43.467704
-43.790933
-39.865511
-40.358007
-53.852918
-42.134493
-45.938167
-55.019520
-47.086543
-43.577992
-46.053659
-41.341747
-41.420589
-52.078227
-49.900295
-50.172761
-38.936818
-45.450092
-42.917730
-43.470701
-39.214164
-38.066865
-43.918373
-43.389830
-45.143686
-41.542568
-44.342786
-46.526718
-40.629444
-48.262026
-57.774197
-47.937641
-43.958036
-40.277676
-48.100692
-45.025682
-46.904031
-39.300982
-41.490257
-46.367262
-49.128603
-38.587358
-39.577321
-44.735032
-50.280957
-42.185246
-39.259790
-55.213034
-45.388915
-43.204761
-41.771005
-39.720461
-45.610864
-49.352251
-49.786011
-49.209525
-41.365729
-42.232244
-39.243536
-42.154099
-57.754999
-42.095653
-46.311326
-46.941138
-42.065685
-46.791368
-42.254569
-39.920826
-47.862839
-62.074687
-39.644998
-45.908043
-40.467923
-47.169103
-50.946075
-50.636844
-42.696371
-41.247060
-50.575067
-44.625420
-48.779864
-42.828749
-37.319184
-52.878147
-36.406642
-52.773153
-39.577207
-46.184964
-49.173484
-39.813024
-39.698914
-43.976214
-37.763327
-42.690751
-45.849365
-50.450395
-39.832042
-42.041566
-38.501925
-44.704028
-38.388128
-40.038019
-44.365101
-50.536481
-36.598322
-40.643675
-44.570440
-48.861382
-47.442386
-42.210292
-48.717793
-39.710037
-40.178230
-42.986016
-44.995671
-39.777171
-48.000594
-42.991567
-51.278461
-36.311080
-39.415998
-46.650674
-49.453023
-53.021838
-47.327598
-43.960528
-41.356336
-42.141444
-43.042493
-40.490025
-44.704852
-47.401575
-48.867787
-46.454882
-41.193535
-41.699860
-40.248092
-47.082772
-42.672950
-48.894672
-42.975065
-42.058119
-44.978018
-38.868707
-54.275251
-48.239269
-40.256800
-40.244013
-40.212742
-40.746878
-37.652433
-39.043207
-45.869704
-40.923262
-44.733486
-43.256733
-45.621467
-51.883081
-48.779006
-45.781942
-43.473769
-47.541769
-44.716921
-43.764462
-46.371129
-43.942830
-51.618137
-37.529896
-45.635560
-47.349953
-57.437633
-49.446192
-49.601615
-47.775188
-47.451810
-40.616088
-45.382607
-41.157515
-54.885470
-41.730588
-43.743173
-48.110231
-54.997219
-45.853144
-58.422277
-44.260964
-36.106589
-48.282708
-41.546944
-41.280047
-41.885374
-44.803026
-43.129374
-44.558129
-34.778044
-44.328380
-60.429548
-40.764019
-44.804283
-39.656907
-48.070880
-54.029239
-43.125271
-49.847183
-44.595525
-45.338188
-49.047801
-45.879679
-37.468291
-47.727705
-47.903487
-41.915434
-57.445481
-48.343439
-55.649780
-41.715839
-36.650580
-48.755300
-47.671847
-42.491695
-55.442571
-48.929488
-43.257227
-40.947296
-54.982562
-40.268385
-44.575863
-39.744554
-41.906229
-49.359752
-43.943571
-43.334310
-45.284023
-39.754368
-48.253821
-47.682401
-49.282150
-37.520442
-45.037904
-45.752980
-42.491977
-45.752626
-38.032197
-50.941898
-40.124374
-39.983829
-42.871118
-43.960384
-39.800530
-47.546542
-45.941727
-41.548094
-41.823577
-43.355065
-40.575661
-38.792492
-40.878402
-40.568898
-47.855372
-45.605337
-46.115273
-46.156929
-44.903909
-41.132940
-49.858839
-39.452497
-43.031558
-50.001909
-60.774616
-40.310395
-36.653568
-49.764602
-41.052970
-41.033392
-40.582941
-48.911881
-39.512915
-47.015443
-41.820115
-40.833714
-48.244310
-37.616110
-45.501903
-45.524121
-43.610894
-44.163810
-48.628553
-46.335476
-56.854296
-41.089145
-42.113339
-41.230335
-46.147628
-46.507924
-43.389267
-36.193313
-41.796918
-48.513020
-52.276816
-43.274248
-40.596879
-47.044117
-43.057889
-40.619322
-39.952002
-45.355938
-39.364766
-45.947046
-42.286784
-56.498648
-42.155481
-42.810115
-46.458299
-37.530191
-41.793804
-43.655364
-41.031315
-48.734463
-48.156593
-48.890015
-53.248112
-50.025761
-41.926415
-55.518603
-39.709671
-41.433882
-38.646044
-50.480104
-43.032628
-43.194182
-37.363316
-42.451748
-50.822262
-38.104108
-50.693842
-50.875703
-51.714908
-44.829093
-41.671787
-35.852256
-32.985900
-36.327882
-49.970160
-35.752505
-41.619457
-47.433154
-47.940325
-37.488042
-33.949753
-48.058905
-50.123003
-46.382294
-38.526150
-44.875015
-42.694743
-49.032851
-47.512051
-51.138208
-44.628873
-49.809983
-45.077933
-44.856678
-49.433796
-43.066877
-64.026885
-54.298304
-37.955770
-35.869264
-40.155502
-43.090549
-43.135766
-51.735201
-42.476926
-39.104061
-51.031853
-46.583700
-42.611533
-52.983797
-46.152296
-53.159895
-43.746591
-37.690142
-44.792822
-46.838077
-41.854398
-39.666800
-37.324848
-38.253531
-41.305587
-54.566656
-44.106965
-39.775710
-42.303152
-44.477343
-47.449799
-42.707264
-42.590907
-45.460212
-39.045993
-50.526325
-64.161130
-42.076695
-41.705789
-39.738587
-34.576719
-48.782867
-40.728039
-38.045492
-44.748864
-40.277025
-43.830007
-40.254835
-49.869228
-41.493570
-40.411969
-43.049187
-35.569938
-33.692242
-37.692716
-35.315542
-36.435864
-36.252930
-37.613668
-34.258450
-30.145293
-35.927229
-32.822552
-30.598063
-30.336246
-33.739926
-29.160221
-28.538673
-27.600542
-25.214355
-24.799667
-21.426539
-18.985026
-13.784734
-1.463143
-7.901491
-15.848887
-19.534863
-23.334515
-26.017369
-26.187069
-26.558735
-29.904566
-29.149534
-30.485915
-32.054366
-31.100593
-33.837919
-34.702572
-31.776807
-35.986816
-35.556312
-39.048773
-34.866514
-34.986734
-40.480752
-35.708402
-37.803942
-35.692747
-37.144712
-41.302741
-44.981005
-35.048632
-40.936415
-54.455312
-40.299915
-39.672559
-37.547804
-44.947911
-39.845689
-45.631421
-37.932579
-39.395722
-44.560180
-37.951721
-37.770176
-42.962847
-41.679347
-40.338343
-41.341469
-43.085098
-50.552427
-37.406346
-52.566309
-47.340316
-48.605782
-41.982040
-37.304328
-40.413420
-42.804601
-53.446431
-44.476994
-47.513608
-51.406651
-35.821465
-39.502234
-49.411782
-44.934149
-39.561210
-40.107219
-47.360562
-51.428740
-46.074014
-31.968873
-39.512460
-46.179891
-54.239598
-43.259500
-40.369435
-36.345088
-44.100864
-42.049628
-34.441547
-51.587110
-40.370403
-44.296646
-52.078092
-44.848685
-45.981081
-42.836354
-41.874422
-46.163857
-40.209435
-45.421424
-46.040123
-36.870351
-47.160599
-39.412183
-44.408999
-46.971217
-42.990811
-54.428705
-48.718169
-43.092674
-39.825542
-47.730127
-38.995743
-38.405761
-40.584761
-42.787528
-41.706640
-41.815704
-46.234458
-41.741950
-46.143796
-40.576790
-37.200858
-42.238343
-38.388795
-42.927762
-48.665478
-47.446739
-56.981772
-38.643041
-52.002501
-44.555039
-39.394904
-42.358653
-42.614131
-41.787146
-45.314974
-49.569478
-47.560741
-46.602576
-46.055941
-46.501902
-42.555544
-40.077224
-42.799618
-46.431273
-47.643784
-39.928106
-39.720507
-49.083158
-47.127910
-43.620701
-41.790133
-46.986458
-36.115477
-33.968025
-51.682051
-52.778234
-44.117046
-39.568779
-45.510979
-41.620081
-49.970002
-41.406235
-37.987970
-45.165423
-47.873574
-47.207097
-45.835691
-45.843692
-39.292373
-38.546064
-41.528302
-48.284126
-51.049943
-46.793611
-49.639589
-43.351359
-43.936486
-45.290826
-39.558917
-48.113761
-50.932267
-46.897935
-40.953213
-44.458557
-45.181377
-42.160989
-44.390014
-34.717559
-45.777007
-43.100026
-49.130141
-44.137933
-49.182801
-41.665922
-50.288660
-39.561616
-42.110665
-37.308816
-48.293110
-46.719385
-48.405334
-40.599291
-45.048348
-46.800464
-39.170969
-36.745322
-49.346631
-41.629785
-38.195205
-39.368211
-42.607722
-50.259413
-45.721523
-61.291885
-42.457698
-43.315302
-47.947432
-45.334874
-52.497786
-41.408067
-52.270799
-41.242317
-47.273624
-47.346940
-51.039878
-53.901189
-59.996996
-39.147431
-56.965713
-43.663022
-38.703970
-39.060615
-57.549852
-43.865646
-42.939535
-43.336315
-38.811931
-41.501677
-49.908498
-45.849608
-42.523726
-43.158296
-45.996912
-47.805853
-43.678849
-64.142559
-50.864766
-48.770210
-39.546949
-53.526983
-49.093192
-58.091502
-50.586222
-43.834299
-41.607446
-46.864587
-43.279523
-39.067120
-47.858451
-52.440741
-44.842202
-45.914967
-45.569306
-43.860427
-39.114663
-38.516440
-42.753901
-45.123060
-37.944493
-41.535842
-40.469570
-50.470372
-37.882291
-45.895734
-52.406948
-43.177150
-48.467984
-44.460146
-46.807584
-35.106140
-40.816724
-40.500841
-46.661902
-39.648003
-34.931453
-43.246302
-41.408196
-39.961566
-51.330227
-47.018275
-43.312855
-47.199640
-54.993813
-44.119282
-42.180224
-44.466854
-37.476756
-54.687788
-46.271420
-47.259914
-36.361683
-47.543016
-46.848833
-43.231558
-45.921473
-53.859467
-42.313351
-41.737272
-47.338082
-49.242387
-42.823081
-38.391458
-46.451114
-40.978482
-58.218844
-43.670964
-47.797840
-46.961645
-52.117770
-56.042277
-49.812336
-40.429720
-44.893946
-43.037789
-37.536305
-47.161575
-45.999805
-42.038118
-44.111859
-47.189461
-38.438737
-50.236919
-49.670927
-47.998780
-39.108965
-46.504620
-40.044445
-42.061000
-52.382981
-43.829166
-36.889799
-52.529580
-47.901845
-47.831776
-37.117019
-41.595170
-44.949995
-43.392365
